[VERSION]
Num = 1
[1f5b8b]
Flag = 1 0 0 0 1 0 0 0 0 0 0 0 0 0 0 0 
[1f668e]
Flag = 1 0 0 1 0 0 0 0 0 0 0 0 0 0 0 0 
[22e281]
Flag = 1 0 0 0 0 0 0 0 0 0 0 0 0 0 0 0 
[22ed84]
Flag = 1 0 0 0 0 0 0 0 0 0 0 0 0 0 0 0 
[24c705]
Flag = 1 0 0 0 0 0 0 0 0 0 0 0 0 0 0 0 
[2a3d82]
Flag = 1 0 0 0 0 0 0 0 0 0 0 0 0 0 0 0 
[8dc6a0]
Flag = 1 0 0 0 1 0 0 0 0 0 0 0 0 0 0 0 
[9afb39]
Flag = 1 0 0 0 0 0 0 0 0 0 0 0 0 0 0 0 
[8df2ac]
Flag = 1 0 0 0 1 0 0 0 0 0 0 0 0 0 0 0 
[284dfb]
Flag = 1 0 0 0 0 0 0 0 0 0 0 0 0 0 0 0 
[2b0ebb]
Flag = 1 0 0 0 0 0 0 0 0 0 0 0 0 0 0 0 
[2b19be]
Flag = 1 0 0 0 0 0 0 0 0 0 0 0 0 0 0 0 
[389069]
Flag = 1 1 0 0 0 0 0 0 0 0 0 0 0 0 0 0 
[2fbf02]
Flag = 1 1 0 0 0 0 0 0 0 0 0 0 0 0 0 0 
[3232ad]
Flag = 1 0 0 0 0 0 0 0 0 0 0 0 0 0 0 0 
[438866]
Flag = 1 0 0 0 0 0 0 0 0 0 0 0 0 0 0 0 
[368adc]
Flag = 1 0 0 0 0 1 0 0 0 0 0 0 0 0 0 0 
[3b3020]
Flag = 1 0 0 0 0 0 0 0 0 0 0 0 0 0 0 0 
[2387ae]
Flag = 1 0 0 0 0 0 0 0 0 0 0 0 0 0 0 0 
[3beb53]
Flag = 1 0 0 0 1 0 0 0 0 0 0 0 0 0 0 0 
[35c4a6]
Flag = 1 0 0 0 0 0 0 0 0 0 0 0 0 0 0 0 
[40d2a9]
Flag = 1 0 0 0 0 1 0 0 0 0 0 0 0 0 0 0 
[498307]
Flag = 1 0 0 0 1 0 0 0 0 0 0 0 0 0 0 0 
[2392b1]
Flag = 1 0 0 0 0 0 0 0 0 0 0 0 0 0 0 0 
[4577ed]
Flag = 1 0 1 0 0 0 0 0 0 0 0 0 0 0 0 0 
[45a3f9]
Flag = 1 1 1 0 0 0 0 0 0 0 0 0 0 0 0 0 
[48a6cb]
Flag = 1 0 0 0 0 0 0 0 0 0 0 0 0 0 0 0 
[4f72a5]
Flag = 1 1 0 0 0 0 0 0 0 0 0 0 0 0 0 0 
[52807a]
Flag = 1 0 0 0 0 0 0 0 0 0 0 0 0 0 0 0 
[fffff4fd]
Flag = 1 0 0 0 0 0 0 0 0 0 0 0 0 0 0 0 
[587b1b]
Flag = 1 0 0 0 0 0 0 0 0 0 0 0 0 0 0 0 5 
[589c24]
Flag = 1 0 0 0 0 0 0 0 0 0 0 0 0 0 0 0 
[55db64]
Flag = 1 0 0 1 0 0 0 0 0 0 0 0 0 0 0 0 
[5f7e04]
Flag = 1 0 0 0 0 0 1 0 0 0 0 0 0 0 0 0 
[7c23d2]
Flag = 1 0 0 0 0 0 0 0 0 0 0 0 0 0 0 0 
[85fd81]
Flag = 1 0 0 0 1 0 0 0 0 0 0 0 0 0 0 0 5 
[86298d]
Flag = 1 1 0 0 0 0 0 0 0 0 0 0 0 0 0 0 5 
[865599]
Flag = 1 0 0 0 0 0 0 0 0 0 0 0 0 0 0 0 
[8681a5]
Flag = 1 0 0 0 0 0 0 0 0 0 0 0 0 0 0 0 
[8697ab]
Flag = 1 0 0 0 0 0 0 0 0 0 0 0 0 0 0 0 
[86adb1]
Flag = 1 0 0 0 0 0 0 0 0 0 0 0 0 0 0 0 
[86c3b7]
Flag = 1 0 0 0 0 0 0 0 0 0 0 0 0 0 0 0 
[458df3]
Flag = 1 0 1 0 0 0 0 0 0 0 0 0 0 0 0 0 
[9d58de]
Flag = 1 0 0 0 0 0 0 1 1 0 0 0 0 0 0 0 
[82efac]
Flag = 1 0 0 0 0 0 0 0 0 0 0 0 0 0 0 0 
[831bb8]
Flag = 1 0 0 0 0 0 0 0 0 0 0 0 0 0 0 0 
[94927a]
Flag = 1 0 1 0 0 0 0 0 0 0 0 0 0 0 0 0 5 
[94be86]
Flag = 1 0 0 0 0 0 0 0 0 0 0 0 0 0 0 0 
[94d48c]
Flag = 1 0 0 0 0 0 0 0 0 0 0 0 0 0 0 0 
[94df8f]
Flag = 1 0 0 0 0 0 0 0 0 0 0 0 0 0 0 0 
[94ea92]
Flag = 1 0 0 0 0 0 0 0 0 0 0 0 0 0 0 0 
[94f595]
Flag = 1 0 0 0 0 0 0 0 0 0 0 0 0 0 0 0 
[93ab3b]
Flag = 1 1 0 0 0 0 0 0 0 0 0 0 0 0 0 0 
[9f5368]
Flag = 1 0 0 0 0 0 0 0 0 0 0 0 0 0 0 0 5 
[9f696e]
Flag = 1 0 0 0 0 0 0 0 0 0 0 0 0 0 0 0 
[9f7f74]
Flag = 1 0 0 0 0 0 0 0 0 0 0 0 0 0 0 0 
[a00398]
Flag = 1 0 0 0 0 0 0 0 0 0 0 0 0 0 0 0 
[9f8a77]
Flag = 1 0 0 0 0 0 0 0 0 0 0 0 0 0 0 0 
[9f957a]
Flag = 1 0 0 0 0 0 0 0 0 0 0 0 0 0 0 0 
[9fa07d]
Flag = 1 0 0 0 0 0 0 0 0 0 0 0 0 0 0 0 
[ba1fb5]
Flag = 1 0 0 0 0 0 0 0 0 0 0 0 0 0 0 0 
[ae4079]
Flag = 1 1 1 0 0 0 0 0 0 0 0 0 0 0 0 0 5 
[ae6c85]
Flag = 1 0 0 0 0 0 0 0 0 0 0 0 0 0 0 0 
[aeae97]
Flag = 1 0 0 0 0 0 0 0 0 0 0 0 0 0 0 0 
[aeb99a]
Flag = 1 0 0 0 0 0 0 0 0 0 0 0 0 0 0 0 
[aec49d]
Flag = 1 0 0 0 0 0 0 0 0 0 0 0 0 0 0 0 
[aecfa0]
Flag = 1 0 0 0 0 0 0 0 0 0 0 0 0 0 0 0 
[acd516]
Flag = 1 0 0 0 0 0 0 0 0 0 0 0 0 0 0 0 
[becffc]
Flag = 1 1 0 0 0 0 0 0 0 0 0 0 0 0 0 0 5 
[bee602]
Flag = 1 0 0 0 0 0 0 0 0 0 0 0 0 0 0 0 
[bf120e]
Flag = 1 0 0 0 0 0 0 0 0 0 0 0 0 0 0 0 
[bf1d11]
Flag = 1 0 0 0 0 0 0 0 0 0 0 0 0 0 0 0 
[bf3317]
Flag = 1 0 0 0 0 0 0 0 0 0 0 0 0 0 0 0 
[bf3e1a]
Flag = 1 0 0 0 0 0 0 0 0 0 0 0 0 0 0 0 
[2d986c]
Flag = 2 0 0 0 0 0 0 0 0 0 0 0 0 0 0 0 
[5d0a59]
Flag = 2 0 0 0 0 0 0 0 0 0 0 0 0 0 0 0 
[6c6588]
Flag = 2 0 0 0 0 0 0 0 0 0 0 0 0 0 0 0 
[fffff4fd]
Flag = 2 0 0 0 0 0 0 0 0 0 0 0 0 0 0 0 
[71dc05]
Flag = 2 0 0 0 0 0 0 0 0 0 0 0 0 0 0 0 5 
[720811]
Flag = 2 0 0 0 0 0 0 0 0 0 0 0 0 0 0 0 
[72341d]
Flag = 2 0 0 0 0 0 0 0 0 0 0 0 0 0 0 0 
[724a23]
Flag = 2 0 0 0 0 0 0 0 0 0 0 0 0 0 0 0 
[725526]
Flag = 2 0 0 0 0 0 0 0 0 0 0 0 0 0 0 0 
[726029]
Flag = 2 0 0 0 0 0 0 0 0 0 0 0 0 0 0 0 
[6d99dc]
Flag = 2 0 0 0 1 0 0 0 0 0 0 0 0 0 0 0 
[6d83d6]
Flag = 2 0 0 0 0 0 0 0 0 0 0 0 0 0 0 0 
[7a4a51]
Flag = 2 0 0 0 0 0 0 0 0 0 0 0 0 0 0 0 
[847115]
Flag = 2 0 0 0 0 0 0 0 0 0 0 0 0 0 0 0 
[1d981]
Flag = 4 0 0 0 0 0 0 0 0 0 0 0 0 0 0 0 
[289b1]
Flag = 4 0 0 0 0 0 0 0 0 0 0 0 0 0 0 0 
[391f9]
Flag = 4 0 0 0 0 0 0 0 0 0 0 0 0 0 0 0 
[3ea11]
Flag = 4 0 0 0 0 0 0 0 0 0 0 0 0 0 0 0 
[4bb4a]
Flag = 4 0 0 0 0 0 0 0 0 0 0 0 0 0 0 0 
[4e756]
Flag = 4 0 0 0 0 0 0 0 0 0 0 0 0 0 0 0 
[5ad8c]
Flag = 4 0 0 0 0 0 0 0 0 0 0 0 0 0 0 0 
[668bf]
Flag = 4 0 0 0 0 0 0 0 0 0 0 0 0 0 0 0 
[6aad1]
Flag = 4 0 0 0 0 0 0 0 0 0 0 0 0 0 0 0 
[6e1e0]
Flag = 4 0 0 0 0 0 0 0 0 0 0 0 0 0 0 0 
[744fb]
Flag = 4 0 0 0 0 0 0 0 0 0 0 0 0 0 0 0 
[7c91f]
Flag = 4 0 0 0 0 0 0 0 0 0 0 0 0 0 0 0 
[49fc28]
Flag = 8 0 0 1 0 0 0 0 0 0 0 0 0 0 0 0 
[b05109]
Flag = 32 0 0 0 0 0 0 0 0 0 0 0 0 0 0 1 
[b282a2]
Flag = 32 0 0 0 0 0 0 0 0 0 0 0 0 0 0 1 
[c94ed8]
Flag = 32 0 0 1 0 0 0 0 0 0 1 0 0 0 1 0 
